2
206
163 503 861 510 267 562 832 759 212 27 953 654 142 859 35 66 406 887 922 228
348 863 269 543 225 528 320 676 772 996 29 197 656 444 903 399 923 640 130 222
974 422 951 671 913 603 172 589 951 592 505 549 229 229 707 343 704 155 242
404 942 90 654 423 19 545 232 961 615 74 96 833 94 490 133 491 818 432 99 529
940 842 448 812 592 9 817 610 34 762 622 991 353 563 947 552 809 155 489 55
618 317 620 523 785 980 618 765 601 599 540 284 53 725 698 568 570 53 57 646
1000 659 18 530 550 782 364 839 532 467 97 310 103 477 21 466 891 606 450 59
240 994 369 146 791 38 419 347 602 166 299 865 686 313 335 740 282 461 558 516
570 915 948 747 456 611 284 271 515 590 837 96 870 260 2 550 448 791 145 631
91 803 715 621 335 951 512 337 271 247 641 473 630 924 116 223 45 949 218 21
21 641 343 902 652 561
107
199 207 950 443 754 288 670 338 685 991 940 414 928 569 448 460 40 164 42 170
249 564 929 164 983 167 260 556 661 807 870 615 189 368 405 505 339 685 104
741 68 453 213 504 794 765 34 47 911 799 490 366 339 57 143 963 100 30 756 59
782 217 846 374 239 125 937 445 87 474 437 844 677 429 20 1 866 9 721 247 421
18 345 320 26 505 839 830 934 210 381 272 625 350 775 753 748 349 166 7 408
420 487 360 831 851 651